43 117649
492 40353607
820 282475249
620 282475249
122 823543
868 282475249
676 282475249
655 282475249
753 282475249
616 282475249
786 282475249
330 40353607
230 5764801
117 823543
568 282475249
75 823543
68 823543
241 5764801
354 40353607
50 117649
827 282475249
156 5764801
187 5764801
167 5764801
320 40353607
454 40353607
649 282475249
54 117649
740 282475249
102 823543
254 5764801
61 117649
726 282475249
910 282475249
781 282475249
503 40353607
1012 282475249
747 282475249
155 5764801
1015  282475249
626 282475249
686 282475249
326 40353607
567 282475249
996 282475249
769 282475249
285 40353607
514 282475249
639 282475249
184 5764801
706 282475249
69 823543
795 282475249
898 282475249
878 282475249
517 282475249
154 5764801
892 282475249
674 282475249
694 282475249
507 40353607
793 282475249
625 282475249
1012 282475249
621 282475249
798 282475249
858 282475249
213 5764801
947 282475249
787 282475249
691 282475249
536 282475249
326 40353607
983 282475249
43 117649
237 5764801
1002 282475249
265 40353607
486 40353607
724 282475249
69 823543
363 40353607
1013 282475249
979 282475249
133 5764801
1020 282475249
78 823543
639 282475249
587 282475249
148 5764801
877 282475249
436 40353607
167 5764801
493 40353607
262 40353607
824 282475249
523 282475249
115 823543
466 40353607
920 282475249
562 282475249
782 282475249
329 40353607
264 40353607
108 823543
374 40353607
203 5764801
140 5764801
990 282475249
1002 282475249
829 282475249
809 282475249
50 117649
354 40353607
159 5764801
525 282475249
588 282475249
253 5764801
555 282475249
405 40353607
884 282475249
226 5764801
485 40353607
113 823543
795 282475249
750 282475249
815 282475249
833 282475249
535 282475249
845 282475249
57 117649
606 282475249
733 282475249
71 823543
377 40353607
968 282475249
707 282475249
781 282475249
342 40353607
740 282475249
991 282475249
107 823543
242 5764801
46 117649
551 282475249
135 5764801
1001 282475249
537 282475249
951 282475249
323 40353607
233 5764801
872 282475249
570 282475249
169 5764801
514 282475249
292 40353607
848 282475249
857 282475249
679 282475249
479 40353607
460 40353607
985 282475249
823 282475249
916 282475249
474 40353607
756 282475249
749 282475249
242 5764801
589 282475249
883 282475249
923 282475249
593 282475249
298 40353607
592 282475249
57 117649
552 282475249
442 40353607
790 282475249
578 282475249
759 282475249
724 282475249
953 282475249
766 282475249
783 282475249
764 282475249
567 282475249
432 40353607
380 40353607
267 40353607
784282475249
388 40353607
184 5764801
901 282475249
1004 282475249
596 282475249
765 282475249
119 823543
863 282475249
477 40353607
170 5764801
130 5764801
602 282475249
331 40353607
631 282475249
495 40353607
500 40353607
704 282475249
624 282475249
349 40353607
846 282475249
984 282475249
104 823543
472 	40353607
555 282475249
238 5764801
961 282475249
873 282475249
537 282475249
707 282475249
879 282475249
551 282475249
727 282475249
515 282475249
535 282475249
614 282475249
434 40353607
487 40353607
385 40353607
973 282475249
109 823543
260 40353607
214 5764801
708 282475249
506 40353607
197 5764801
606 282475249
157 5764801
212 5764801
683 282475249
979 282475249
545 282475249
250 5764801
74 823543
994 282475249
306 40353607
197 5764801
735 282475249
918 282475249
163 5764801
822 282475249
407 40353607
540 282475249
803 282475249
594 282475249
63 117649
254 5764801
893 282475249
894 282475249
622 282475249
840 282475249
141 5764801
332 40353607
1017 282475249
785 282475249
400 40353607
34 117649
586 282475249
610 282475249
751 282475249
269 40353607
540 282475249
916 282475249
474 40353607
386 40353607
353 40353607
691 282475249
632 282475249
619 282475249
913 282475249
920 282475249
537 282475249
766 282475249
343 40353607
438 40353607
128 823543
956 282475249
828 282475249
273 40353607
343 40353607
573 282475249
864 282475249
377 40353607
254 5764801
631 282475249
377 40353607
649 282475249
523 282475249
456 40353607
222 5764801
480 40353607
676 282475249
775 282475249
810 282475249
35 117649
912 282475249
758 282475249
248 5764801
546 282475249
618 282475249
717 282475249
442 40353607
493 40353607
625 282475249
984 282475249
657 282475249
487 40353607
574 282475249
512 40353607
793 282475249
263 40353607
506 40353607
665 282475249
413 40353607
214 5764801
769 282475249
636 282475249
816 282475249
458 40353607
234 5764801
507 40353607
820 282475249
487 40353607
177 5764801
210 5764801
670 282475249
965 282475249
710 282475249
923 282475249
122 823543
788 282475249
356 40353607
316 40353607
748 282475249
134 5764801
739 282475249
772 282475249
267 40353607
520 282475249
538 282475249
436 40353607
750 282475249
139 5764801
289 40353607
577 282475249
160 5764801
306 40353607
923 282475249
66 823543
430 40353607
146 5764801
739 282475249
302 40353607
235 5764801
780 282475249
826 282475249
625 282475249
799 282475249
115 823543
132 5764801
282 40353607
950 282475249
376 40353607
624 282475249
511 40353607
964 282475249
725 282475249
151 5764801
913 282475249
801 282475249
659 282475249
243 5764801
633 282475249
867 282475249
101 823543
904 282475249
1020 282475249
189 5764801
975 282475249
504 40353607
866 282475249
926 282475249
407 40353607
576 282475249
473 40353607
815 282475249
983 282475249
402 40353607
525 282475249
257 40353607
949 282475249
372 40353607
789 282475249
650 282475249
997 282475249
877 282475249
569 282475249
62 117649
707 282475249
490 40353607
871 282475249
132 5764801
545 282475249
853 282475249
659 282475249
56 117649
694 282475249
121 823543
821 282475249
593 282475249
51 117649
503 40353607
840 282475249
564 282475249
709 282475249
963 282475249
478 40353607
419 40353607
687 282475249
988 282475249
485 40353607
156 5764801
205 5764801
119 823543
403 40353607
46 117649
794 282475249
390 40353607
424 40353607
896 282475249
839 282475249
118 823543
196 5764801
432 40353607
580 282475249
560 282475249
344 40353607
452 40353607
131 5764801
392 40353607
115 823543
495 40353607
853 282475249
945 282475249
957 282475249
215 5764801
391 40353607
862 282475249
629 282475249
1008 282475249
442 40353607
808 282475249
853 	282475249
112 823543
443 40353607
394 40353607
441 40353607
43 117649
335 40353607
135 5764801
660 282475249
92 823543
47 117649
400 40353607
497 40353607
36 117649
267 40353607
717 282475249
653 282475249
726 282475249
796 282475249
227 5764801
198 5764801
707 282475249
741 282475249
459 40353607
728 282475249
479 40353607
1002 282475249
378 40353607
268 40353607
927 282475249
460 40353607
320 40353607
172 5764801
390 40353607
282 40353607
846 282475249
208 5764801
613 282475249
357 40353607